log_rate: 10
mrac_ratio: [1.0,1.0,0.0]
k1m: [500,500,0.2]
k2m: [200,200,0.8]
K1: [0.1,0.1,1.0]
K2: [0.8,0.8,1.0]
kappa: [0.000001,0.000001,0.000001,0.0000001,0.0000001,0.0000001,0.5,0.5]
sigma: [0.1,0.1,0.01,0.1,0.1,0.1,0.0,0.0]
attitude_p: 0.1

takeoff_wait_time: 5
