log_rate: 20
mrac_ratio: [1.0,1.0,1.0]
k1m: [500,500,0.2]
k2m: [200,200,0.8]
K1: [0.1,0.1,0.2]
K2: [0.8,0.8,0.2]
kappa: [0.000001,0.000001,0.000001,0.0000001,0.0000001,0.0000001,0.1,0.1]
sigma: [0.1,0.1,0.01,0.1,0.1,0.1,0.0,0.0]
attitude_p: 0.1
