mini_quadrotor:
  #  with lidar and battery
  Simulation:
    mass: 1.05642  # kg
    g: 9.80665  # m/s^2
    Ixx: 0.00387334  # kg*m^2
    Iyy: 0.00407316  # kg*m^2
    Izz: 0.00529428  # kg*m^2
    Ixy: 1.50847e-08  # kg*m^2
  Experiment:
    mass: 1.086
    g: 9.798  # m/s^2  Tokyo
    Ixx: 0.0086  # kg*m^2
    Iyy: 0.0087 # kg*m^2
    Izz:
    Ixy: 0  # kg*m^2 difficult to measure through experiment
