image_width: 640
image_height: 480
camera_name: narrow_stereo/left
camera_matrix:
  rows: 3
  cols: 3
  data: [465.660092, 0, 300.326133, 0, 465.393704, 228.88092, 0, 0, 1]
distortion_model: plumb_bob
distortion_coefficients:
  rows: 1
  cols: 5
  data: [-0.311037, 0.11957, 3.7e-05, -9.5e-05, 0]
rectification_matrix:
  rows: 3
  cols: 3
  data: [1, 0, 0, 0, 1, 0, 0, 0, 1]
projection_matrix:
  rows: 3
  cols: 4
  data: [393.416626, 0, 293.696093, 0, 0, 423.410553, 226.251792, 0, 0, 0, 1, 0]