motor_info:
  min_thrust: 2 #[N]
  max_thrust: 32 #[N]
  abs_max_pwm: 0.92
  force_landing_thrust: 7.0 #[N]
  m_f_rate: -0.0182
  pwm_conversion_mode: 0 # SQRT Mode
  vel_ref_num: 4
  ref1:
    voltage: 25.2
    polynominal2: 0.098175369  # x10
    polynominal1: -5.374777296 # x10
    polynominal0: -0.0018816559 # x1
  ref2:
    voltage: 24.2
    polynominal2: 0.084294534  # x10
    polynominal1: -3.750208049 # x10
    polynominal0: -4.9831346640  # x1
  ref3:
    voltage: 23.2
    polynominal2: 0.086602660  # x10
    polynominal1: -4.520436633 # x10
    polynominal0: -1.5293657872  # x1
  ref4:
    voltage: 22.2
    polynominal2: 0.090231789  # x10
    polynominal1: -5.468091122 # x10
    polynominal0: 2.6604169309  # x1
