b2 = -0.00011283193016175086
b1 = 0.03542768335931359
b0 = -1.6495288524866654
