frame_id: "hydrus/rs_d435_color_optical_frame"
height: 480
width: 640
distortion_model: "plumb_bob"
D: [0.0, 0.0, 0.0, 0.0, 0.0]
K: [616.7131958007812, 0.0, 323.13336181640625, 0.0, 616.73046875, 242.08245849609375, 0.0, 0.0, 1.0]
R: [1.0, 0.0, 0.0, 0.0, 1.0, 0.0, 0.0, 0.0, 1.0]
P: [616.7131958007812, 0.0, 323.13336181640625, 0.0, 0.0, 616.73046875, 242.08245849609375, 0.0, 0.0, 0.0, 1.0, 0.0]
