image_width: 640
image_height: 480
camera_name: narrow_stereo/left
camera_matrix:
  rows: 3
  cols: 3
  data: [1074.296797, 0, 273.319931, 0, 1073.885688, 184.63395, 0, 0, 1]
distortion_model: plumb_bob
distortion_coefficients:
  rows: 1
  cols: 5
  data: [-0.282229, 0.280697, -0.00059, -0.000547, 0]
rectification_matrix:
  rows: 3
  cols: 3
  data: [1, 0, 0, 0, 1, 0, 0, 0, 1]
projection_matrix:
  rows: 3
  cols: 4
  data: [1045.444824, 0, 270.642066, 0, 0, 1054.24231, 182.744444, 0, 0, 0, 1, 0]