image_width: 1280
image_height: 1024
camera_name: pointgrey
camera_matrix:
  rows: 3
  cols: 3
  data: [1027.068585, 0.000000, 618.558576, 0.000000, 1025.687186, 495.511991, 0.000000, 0.000000, 1.000000]
distortion_model: plumb_bob
distortion_coefficients:
  rows: 1
  cols: 5
  data: [-0.222744, 0.104920, -0.000583, -0.000026, 0.000000]
rectification_matrix:
  rows: 3
  cols: 3
  data: [1.000000, 0.000000, 0.000000, 0.000000, 1.000000, 0.000000, 0.000000, 0.000000, 1.000000]
projection_matrix:
  rows: 3
  cols: 4
  data: [944.559021, 0.000000, 615.431197, 0.000000, 0.000000, 970.100647, 493.197341, 0.000000, 0.000000, 0.000000, 1.000000, 0.000000]
